g) Построим таблицу истинности
$x_1$ $x_2$ $x_3$ $x_4$ f
0 0 0 0 0
0 0 0 1 0
0 0 1 0 0
0 0 1 1 0
0 1 0 0 1
0 1 0 1 0
0 1 1 0 1
0 1 1 1 1
1 0 0 0 0
1 0 0 1 0
1 0 1 0 1
1 0 1 1 1
1 1 0 0 0
1 1 0 1 1
1 1 1 0 1
1 1 1 1 1
Сравним: f(0, 1, 0, 0) > f(0, 1, 0, 1)
Функция не является монотонной.

h) Построим таблицу истинности
$x_1$ $x_2$ $x_3$ $x_4$ f
0 0 0 0 0
0 0 0 1 0
0 0 1 0 1
0 0 1 1 1
0 1 0 0 0
0 1 0 1 1
0 1 1 0 1
0 1 1 1 1
1 0 0 0 0
1 0 0 1 0
1 0 1 0 1
1 0 1 1 1
1 1 0 0 1
1 1 0 1 1
1 1 1 0 1
1 1 1 1 1
Сравним: 
$(00110111) \leq (00111111)$
$(0011) \leq (0111), (0011) \leq (1111)$
$(00) \leq (11), (01) \leq (11), (00) \leq (11), (11) \leq (11)$
$0 \leq 0, 1 \leq 1, 0 \leq 1, 1 \leq 1, 0 \leq 0, 1 \leq 1, 1 \leq 1, 1 \leq 1$
Функция является монотонной.
